epoch,accuracy,learning_rate,loss,val_accuracy,val_loss
0,0.8477503061294556,0.0010000000474974513,0.40549129247665405,0.862865686416626,0.33710965514183044
1,0.9017640948295593,0.0010000000474974513,0.2345506101846695,0.8787400126457214,0.2975664734840393
2,0.91440749168396,0.0010000000474974513,0.20448456704616547,0.8894822001457214,0.27583715319633484
3,0.9199241995811462,0.0010000000474974513,0.1918640285730362,0.8932222127914429,0.27182525396347046
4,0.9229916334152222,0.0010000000474974513,0.18482857942581177,0.8927443623542786,0.27742376923561096
5,0.9250140190124512,0.0002500000118743628,0.1799669712781906,0.8949364423751831,0.2715674936771393
6,0.9255951046943665,0.0002500000118743628,0.17848262190818787,0.8956325054168701,0.2686629891395569
7,0.9262118935585022,0.0002500000118743628,0.17697812616825104,0.8965882658958435,0.26625460386276245
8,0.9268083572387695,0.0002500000118743628,0.17551672458648682,0.8962869644165039,0.2669702172279358
9,0.9273674488067627,9.999999747378752e-05,0.17414399981498718,0.8952896595001221,0.27158722281455994
10,0.9275991916656494,9.999999747378752e-05,0.17355644702911377,0.8967337012290955,0.26987993717193604
11,0.9278513193130493,9.999999747378752e-05,0.17297975718975067,0.8966090679168701,0.27133825421333313
12,0.9280706644058228,9.999999747378752e-05,0.17240692675113678,0.8970350027084351,0.2707323133945465
13,0.928284764289856,9.999999747378752e-05,0.17185625433921814,0.8964635729789734,0.2715783715248108
14,0.928502082824707,9.999999747378752e-05,0.17131872475147247,0.8967129588127136,0.2713486850261688
15,0.9287069439888,9.999999747378752e-05,0.17082424461841583,0.8972635269165039,0.2697862386703491
16,0.9289034605026245,9.999999747378752e-05,0.17033134400844574,0.8968583941459656,0.2712368369102478
17,0.9290662407875061,9.999999747378752e-05,0.16991516947746277,0.8976375460624695,0.27001163363456726
18,0.9292390942573547,9.999999747378752e-05,0.16948550939559937,0.898572564125061,0.26747190952301025
19,0.9294149875640869,9.999999747378752e-05,0.1690627783536911,0.8974505662918091,0.2734503746032715
